[0.66402733 0.75581649 0.38165822]
[0.78276077 0.79682496 0.5447856 ]
[0.59035472 0.71890592 0.1747307 ]
[0.46394528 0.5756921  0.17950505]
[0.61794325 0.48899025 0.34322511]
[0.7864453  0.61305008 0.45155286]
[0.0840302  0.08248161 0.03643744]
[0.4299126  0.28548938 0.133699  ]
[0.36212834 0.47182537 0.12260371]
[0.29532337 0.1868632  0.07466155]
[0.55655154 0.6452722  0.29949397]
[0.46889196 0.39928969 0.24689611]
[0.26443836 0.27313674 0.15052282]
[0.26000635 0.35662242 0.05928733]
[0.16772691 0.17711189 0.08163895]
[0.91885745 0.85692315 0.73681117]
